4.486359e+00 2.801858e-01 -1.221296e-02 8.806311e-01 1.787858e+00 5.400117e-01 -2.229037e-01 2.892171e-01 2.474327e+00 1.091928e+00
2.801858e-01 5.070092e+00 -4.682029e-01 -5.045281e-01 -1.454960e+00 6.987983e-01 -1.435909e+00 1.182347e+00 1.200765e+00 -1.277456e+00
-1.221296e-02 -4.682029e-01 7.970940e+00 2.389408e-01 2.016829e-01 3.882595e-01 -1.738867e-01 2.987106e-01 -1.506403e+00 -9.014829e-01
8.806311e-01 -5.045281e-01 2.389408e-01 5.109296e+00 -1.454665e-01 2.610506e-01 -5.244886e-01 -1.358733e+00 -1.075532e+00 6.870017e-01
1.787858e+00 -1.454960e+00 2.016829e-01 -1.454665e-01 6.468483e+00 -6.215826e-01 -8.080236e-01 -5.033554e-01 1.232404e-01 5.898204e-01
5.400117e-01 6.987983e-01 3.882595e-01 2.610506e-01 -6.215826e-01 4.586355e+00 -6.313221e-01 1.050868e-01 2.198342e-01 -4.788270e-01
-2.229037e-01 -1.435909e+00 -1.738867e-01 -5.244886e-01 -8.080236e-01 -6.313221e-01 4.756353e+00 -2.088200e-01 -7.419635e-01 1.149843e+00
2.892171e-01 1.182347e+00 2.987106e-01 -1.358733e+00 -5.033554e-01 1.050868e-01 -2.088200e-01 4.919229e+00 -2.438406e-01 1.556043e+00
2.474327e+00 1.200765e+00 -1.506403e+00 -1.075532e+00 1.232404e-01 2.198342e-01 -7.419635e-01 -2.438406e-01 5.898967e+00 8.028461e-01
1.091928e+00 -1.277456e+00 -9.014829e-01 6.870017e-01 5.898204e-01 -4.788270e-01 1.149843e+00 1.556043e+00 8.028461e-01 5.733925e+00
