4.532612e+01 -2.212808e+00 -1.015745e+00 3.211069e+00 1.874721e+00 -2.525969e-01 1.561325e+00 -5.487617e+00 -4.068918e-01 4.755731e-01 6.967113e-01 -3.579494e+00 -2.699280e+00 1.912461e+00 -2.273273e+00 3.757984e+00 4.587131e+00 -2.942653e-01 8.470506e-01 2.482102e+00 -3.082809e+00 1.303283e+00 -1.134292e+00 -3.515878e+00 -1.217383e+00 1.621730e+00 -2.675877e+00 -7.545102e-01 1.397492e+00 -3.007945e-01 -6.964763e-01 -3.450326e+00 3.434955e+00 1.739891e+00 -2.822010e+00 1.552395e-01 2.309485e+00 6.600822e-01 1.232399e+00 2.028926e+00 2.418200e+00 1.456128e+00 -1.325564e+00 2.175193e+00 -2.742367e+00 -3.618395e+00 -5.157143e-01 2.647106e+00 2.627137e+00 -4.253782e+00 1.160586e+00 5.192753e-02 2.986515e+00 -3.051503e+00 -3.014825e+00 -2.526169e+00 1.378883e+00 -3.346669e+00 2.207918e+00 1.227458e+00 -2.119911e-01 1.529788e+00 -1.386137e-01 3.009987e+00 6.542110e-01 -2.043830e+00 3.664929e+00 8.888147e-01 9.441864e-02 3.032643e+00 -6.392718e+00 6.567995e+00 1.996371e+00 4.742060e+00 1.042333e+00 3.157518e+00 -8.904243e-02 5.469953e+00 -3.432023e+00 -1.063560e+00 3.354552e+00 3.916353e+00 -1.161507e+00 -1.556771e+00 4.896969e-01 2.975919e-01 -6.317673e+00 -4.044011e-01 -5.658388e-02 4.034331e+00 -1.691934e+00 4.492784e-01 -4.868368e-01 1.583190e+00 -2.008588e-01 3.608493e+00 4.877297e+00 2.014448e+00 -4.269758e+00 -4.619793e-01
-2.212808e+00 5.201979e+01 1.827288e+00 -3.085890e+00 2.103500e+00 -3.318917e+00 2.824490e+00 3.403729e+00 2.908943e+00 2.504602e+00 -2.101089e+00 -5.742624e+00 4.911650e+00 -8.083688e+00 -2.834003e+00 -3.634535e-01 -3.152163e+00 4.577523e+00 -3.432293e+00 3.412120e+00 -2.996467e+00 -1.978054e+00 -3.653885e+00 -8.787553e-01 1.604514e-01 -1.184105e+00 -1.733513e+00 -1.808312e+00 1.281938e+00 -1.878603e+00 -1.535751e+00 -6.283656e+00 1.263447e+00 -2.469718e+00 -1.376814e+00 3.190894e+00 1.108683e+00 1.003331e+00 -1.735417e+00 1.284966e+00 -1.006084e+00 3.272996e+00 -4.670493e+00 2.821641e+00 2.925295e+00 -1.867745e+00 3.492565e+00 -1.740145e+00 -4.118021e+00 -3.331195e-01 -1.798539e+00 -1.744349e+00 -2.542994e-01 7.341658e+00 -1.454675e+00 3.128429e+00 -5.285352e+00 1.567922e+00 1.913594e-01 -1.115603e+00 -4.181721e+00 1.475040e-01 -2.210116e+00 1.954591e+00 -4.967738e+00 -2.028050e+00 5.096135e+00 -2.922587e+00 -1.488745e+00 1.707562e+00 -1.337047e+00 1.414786e+00 4.677235e+00 3.508195e+00 3.765975e+00 2.871234e+00 -5.741030e-01 4.014503e+00 2.621629e+00 7.215388e-01 2.840881e+00 4.523466e+00 2.784249e+00 -9.180600e-01 -5.589722e-01 -3.842143e+00 1.231224e+00 -2.543185e+00 -1.217169e-01 -9.555387e-01 -3.206237e+00 3.132421e+00 4.644044e-01 2.116824e+00 1.207222e+00 -1.641955e+00 6.873248e-01 4.790117e+00 -1.854615e+00 3.775490e+00
-1.015745e+00 1.827288e+00 4.985366e+01 2.560107e+00 3.961363e+00 3.334310e+00 3.098380e+00 -2.756131e+00 2.657124e+00 4.768099e-01 8.064085e-01 2.083973e+00 2.575537e+00 -1.672503e+00 1.216390e+00 2.437909e+00 2.681797e+00 9.711132e-01 -1.606312e+00 1.852766e+00 -3.907406e+00 -4.219901e+00 1.005038e+00 -5.107876e+00 6.460560e-02 2.724604e+00 -2.961882e+00 1.957890e+00 -3.876597e-01 -3.059182e+00 2.226273e+00 1.051678e+00 4.046105e-01 8.329742e-01 -1.650609e+00 -3.890646e-01 1.489123e+00 7.063250e-01 -1.452530e+00 1.076407e+00 1.833604e+00 -4.203229e+00 1.877488e+00 2.383577e+00 -5.129968e+00 2.180366e+00 1.713203e+00 -6.101017e-01 -1.857440e+00 -6.722463e-01 2.256116e+00 3.138638e+00 -2.154057e+00 -2.651992e+00 -3.234638e+00 2.135548e+00 4.191677e+00 2.540416e+00 1.407491e+00 5.915973e-01 -3.287862e-02 2.765482e-01 5.360199e+00 -1.069986e+00 -2.728994e+00 4.289212e+00 8.580922e-02 -3.577322e+00 -5.705187e-01 8.599749e-01 -1.772673e+00 -1.238900e+00 3.361018e+00 -7.561533e-01 -1.415673e-01 1.612027e+00 8.740126e-03 3.994782e+00 1.252222e+00 1.051601e+00 3.276888e-01 -7.790883e+00 -3.842707e+00 1.679381e+00 -3.664137e+00 7.859079e-01 6.903018e+00 -2.013359e-01 1.990396e+00 -5.352794e+00 -5.793955e+00 7.637357e-01 -2.935196e-01 1.141124e-01 2.727506e+00 6.555487e+00 -3.542226e+00 2.155755e+00 -1.298354e+00 -7.127587e+00
3.211069e+00 -3.085890e+00 2.560107e+00 5.640767e+01 -3.558329e+00 1.822671e+00 -5.613164e-01 -8.152922e-01 1.757397e+00 3.816323e+00 1.344664e+00 1.233366e+00 -2.432393e+00 1.047884e+00 6.945686e+00 -6.747329e-01 -5.254659e+00 3.381781e+00 5.137899e+00 -2.362519e+00 -1.224795e+00 -1.735344e+00 6.959379e-02 1.309071e+00 -2.396340e+00 3.542938e+00 1.367343e+00 2.295357e+00 1.350594e+00 3.922648e+00 -9.222055e-01 2.478457e-01 -8.731333e-01 6.184593e-01 -4.404335e+00 5.827987e+00 -1.059323e+00 5.051827e+00 -3.006452e+00 4.747301e+00 3.014945e+00 -7.614423e+00 3.531224e-01 4.086694e+00 -2.093287e+00 -2.641712e+00 2.838329e+00 -3.934760e+00 2.905038e+00 -1.112271e-02 1.355308e+00 5.790249e+00 1.170488e+00 -2.641434e+00 -9.571009e+00 3.708284e-01 6.768749e+00 1.639044e+00 -4.982167e+00 1.006384e+00 1.214324e+00 3.175064e-01 6.685405e-01 -8.529261e-01 -1.247394e+00 -1.972414e+00 1.298737e+00 1.606415e+00 2.361958e+00 -1.184012e+00 -1.795834e+00 5.469137e-01 -2.889928e+00 1.103533e+00 3.134105e+00 3.610113e+00 2.367526e-01 -2.087758e-01 9.533285e-01 -1.656787e+00 3.202415e+00 7.000849e-01 -2.256527e+00 -4.200217e+00 -2.705145e+00 -3.534621e-01 -4.779989e-01 9.712651e-03 2.742368e+00 4.850113e+00 1.875051e+00 1.103793e+00 -2.807797e+00 -7.569878e-01 -2.526598e+00 6.321614e-01 -5.723719e+00 1.788969e+00 2.924392e+00 4.206818e+00
1.874721e+00 2.103500e+00 3.961363e+00 -3.558329e+00 5.066003e+01 -1.983109e+00 1.151584e+00 -2.378820e-01 -1.476934e+00 -4.970304e+00 -1.360928e+00 -4.622672e+00 8.834770e-01 -5.639550e-01 -6.841699e-01 -6.939027e+00 -2.964315e+00 2.886144e-01 3.565654e+00 -2.240900e-01 -1.710735e+00 7.232772e-01 3.145345e+00 2.782602e-01 2.344392e+00 6.266362e+00 3.443845e+00 5.368680e+00 2.802701e+00 3.619224e-02 -1.278731e+00 3.203665e+00 -6.057467e-01 -6.296017e-01 4.908948e+00 -3.510332e+00 3.208671e+00 -3.736276e+00 -4.322022e+00 -5.186319e+00 1.701969e+00 -3.189804e-01 -2.935273e+00 2.343306e+00 6.081211e+00 -7.621593e+00 3.297528e+00 1.533016e+00 -1.687415e+00 -3.255751e+00 6.061720e+00 -2.530764e+00 8.543893e-01 -9.174829e-01 2.344198e+00 1.568139e+00 -6.422684e-01 -4.888901e-01 -1.815003e-01 1.179338e-01 1.078633e+00 -7.471273e-01 1.459310e+00 2.147083e+00 -2.422946e+00 3.087497e-01 -3.061066e-01 -5.028548e+00 1.487026e+00 -4.195201e+00 -2.952291e+00 3.314458e+00 -2.115598e-01 -4.173238e+00 -2.051020e+00 -9.273469e-01 3.778976e+00 -1.119889e+00 -1.229127e+00 -5.395008e-01 -8.509798e-01 -5.907026e+00 1.503303e+00 -1.014020e-01 -1.062787e-01 -4.909161e-02 1.876265e+00 5.473324e+00 -2.194093e+00 2.678043e+00 -6.405844e-01 4.174736e-02 -2.083923e+00 -2.089405e+00 2.196425e+00 -1.152823e+00 2.537184e+00 1.613356e+00 4.738118e+00 1.428362e+00
-2.525969e-01 -3.318917e+00 3.334310e+00 1.822671e+00 -1.983109e+00 6.448688e+01 -3.057287e+00 8.643016e-01 3.176078e+00 2.798877e+00 7.964122e-02 -6.121329e+00 -8.384154e-01 1.616508e+00 6.344990e+00 5.034733e-02 -3.433041e+00 7.037523e-01 4.863944e-01 -8.560419e-01 1.637077e+00 6.007855e-01 4.559149e+00 2.855544e+00 3.182216e+00 -3.742592e-01 3.267332e+00 -9.632851e-01 1.952881e+00 5.587302e+00 8.596513e-01 8.424101e-01 -5.802095e-01 -1.923404e+00 -4.335126e-01 -9.682458e-01 -4.143844e+00 1.857831e+00 1.302459e+00 -7.681344e-01 8.578333e-01 1.576188e+00 3.145770e+00 -2.796943e+00 1.286601e+00 2.606710e+00 -1.673959e+00 1.450121e+00 -2.954215e+00 1.789978e-02 -3.436810e+00 -2.104353e+00 1.606449e+00 3.071634e+00 -1.114800e+00 -3.603279e+00 -1.407571e+00 -2.186899e+00 -4.095117e-01 2.073970e+00 3.071219e+00 -4.773086e+00 1.074357e+00 -6.924102e+00 -1.483619e+00 -2.464548e+00 -7.531392e+00 -8.896602e-01 2.408156e+00 5.350991e+00 -4.528056e+00 -3.044917e+00 9.582286e-01 1.813334e+00 -6.923925e+00 3.523184e+00 -4.355974e+00 -1.095930e+00 -3.992659e-01 8.679746e-01 1.101040e+00 -1.832275e+00 -1.829254e+00 -1.968801e-01 -1.138829e+00 -2.609581e+00 9.808690e-02 -1.610111e+00 -1.991604e+00 -7.885401e-01 -3.520969e+00 -3.515565e+00 -7.568065e-01 -8.681457e-01 2.248290e+00 -1.886888e+00 4.265021e+00 2.639485e+00 -4.167304e+00 -3.037105e+00
1.561325e+00 2.824490e+00 3.098380e+00 -5.613164e-01 1.151584e+00 -3.057287e+00 5.484975e+01 3.527038e+00 4.395441e+00 3.526163e+00 -8.479029e-01 2.244259e+00 -4.960781e+00 -2.046052e+00 -1.357188e+00 1.028941e+00 2.719177e+00 7.528075e-01 -5.574021e-01 6.094850e-01 1.431261e+00 -5.671919e-02 3.386246e+00 -1.232317e+00 5.496112e-01 -2.886224e-01 -2.281568e+00 -2.453509e+00 -9.719732e-01 1.166930e+00 -1.795264e+00 -1.341495e+00 1.648826e+00 -3.326851e+00 1.458981e+00 2.791018e+00 -3.028084e+00 -1.492842e+00 -1.632492e+00 1.726413e+00 3.489398e+00 -4.988868e+00 -5.029765e+00 -1.747709e+00 -3.754454e+00 1.766327e+00 -2.814380e-01 -1.884354e-01 2.090065e-02 3.749438e+00 -3.051471e+00 -3.089076e+00 -2.680349e+00 2.282358e+00 3.692501e+00 -6.685857e-01 3.435067e+00 1.390948e+00 2.591680e+00 2.474483e+00 -1.345832e-01 -3.182665e-01 4.094795e+00 -3.516826e+00 -3.847403e+00 -4.065557e+00 3.387706e+00 -3.451434e+00 -2.108208e+00 -4.173763e+00 4.748391e+00 2.224767e+00 3.307115e+00 6.078769e-01 9.260684e-03 -2.020751e+00 2.550745e+00 -2.959185e+00 -7.264540e+00 5.548873e+00 2.453747e+00 -3.161965e+00 -1.005298e+00 3.950890e+00 -3.336971e+00 -2.456374e+00 3.337453e+00 9.640241e-01 -1.683188e+00 -1.002393e+00 -2.101388e+00 1.891280e+00 2.406757e+00 -1.022963e-01 1.778184e+00 -2.264640e+00 -1.711653e+00 -3.896810e+00 -1.662224e+00 9.010822e-01
-5.487617e+00 3.403729e+00 -2.756131e+00 -8.152922e-01 -2.378820e-01 8.643016e-01 3.527038e+00 5.099822e+01 6.250672e+00 1.130359e+00 -4.516470e+00 5.456090e-01 -4.292887e+00 -1.848255e+00 -2.645140e+00 -2.073366e+00 8.351082e-01 -9.999028e-01 -4.685208e+00 1.918541e+00 2.430080e+00 -4.841106e-01 -3.917834e+00 -1.522812e+00 2.850073e+00 1.008923e+00 1.764852e+00 -1.883940e+00 5.228774e-01 4.682805e-01 -3.599343e+00 2.356695e+00 -6.345728e-01 6.929054e+00 -3.471889e-01 3.143769e+00 3.078947e+00 -3.142064e+00 -1.563817e+00 -1.254379e+00 5.013680e-01 -4.601542e+00 -1.390610e+00 1.145379e+00 4.353421e+00 -5.539480e-02 -4.905006e+00 7.195054e-01 -2.627801e+00 9.451109e-01 -1.773143e+00 2.749374e+00 5.630164e-01 -1.134460e+00 2.556566e+00 1.582498e+00 1.517835e+00 -3.061000e+00 4.925607e+00 -5.975454e+00 9.911978e-02 -4.581314e+00 1.628243e+00 -4.790655e+00 -5.041149e+00 2.308838e+00 -3.446745e+00 2.274599e+00 -7.253156e-01 -5.544053e+00 -4.396952e+00 3.053195e-01 -3.420792e-01 8.290520e-01 -5.146750e+00 2.804222e+00 -2.244880e+00 -1.255747e+00 2.295897e+00 -2.328050e+00 -1.052074e-01 9.147694e-01 -3.542198e+00 -5.599908e-01 -2.045029e+00 3.618022e+00 -5.496581e-01 -4.385034e-01 -1.417701e+00 4.161435e+00 -2.689332e+00 -2.676564e+00 -1.470429e+00 4.300645e+00 2.281760e+00 -4.801745e+00 1.414953e+00 3.237976e+00 2.610668e+00 -1.232842e+00
-4.068918e-01 2.908943e+00 2.657124e+00 1.757397e+00 -1.476934e+00 3.176078e+00 4.395441e+00 6.250672e+00 5.111113e+01 -1.439884e+00 3.541107e+00 1.019227e+00 9.181601e-01 8.253742e-01 1.764439e+00 -3.288549e+00 -1.076945e+00 -7.235479e-01 8.306731e-01 -2.323685e+00 -3.683774e+00 -3.291167e-01 2.059262e+00 5.086629e+00 2.519483e+00 -2.218722e+00 -1.730351e+00 -4.180536e+00 -1.249026e+00 2.923322e+00 3.064042e+00 2.907866e+00 5.233583e+00 -6.204823e-01 -1.616845e+00 -6.387082e+00 -1.717902e+00 1.345073e+00 7.086198e+00 -6.952058e+00 3.373399e+00 -4.211601e+00 -1.399604e+00 6.603272e-01 5.527000e-01 2.783530e+00 2.344791e+00 -1.296442e+00 -3.524314e+00 1.381219e+00 1.372173e+00 3.556701e+00 1.008888e+00 1.322276e+00 4.519209e-01 1.622895e+00 -4.192448e+00 1.807308e-01 -2.044378e+00 1.717572e-01 3.758473e+00 3.829944e+00 -1.955531e+00 -3.072974e+00 3.873460e-01 9.268841e-01 -3.931138e+00 1.277752e+00 -2.355733e-01 1.066377e+00 -6.720283e-01 -1.573530e+00 1.676170e+00 -2.901070e+00 1.131079e+00 1.967337e+00 3.278889e+00 -3.495752e+00 -5.910341e+00 -4.022277e-01 3.609312e+00 2.727804e+00 -1.517407e+00 1.718764e+00 1.297265e+00 3.344511e+00 7.552888e-01 -1.926360e+00 8.823120e-01 -1.186531e-01 4.854441e-01 4.149484e+00 -2.159764e-01 1.144452e+00 3.214790e+00 4.253924e-01 -3.084636e+00 1.237517e+00 2.349750e+00 1.263559e+00
4.755731e-01 2.504602e+00 4.768099e-01 3.816323e+00 -4.970304e+00 2.798877e+00 3.526163e+00 1.130359e+00 -1.439884e+00 5.449969e+01 -9.309960e-02 -9.800761e-01 -5.121004e+00 1.172130e+00 1.075655e-01 2.229990e-01 -4.067920e+00 3.364260e+00 2.234632e+00 -3.741882e+00 1.836674e+00 -8.319127e-01 4.187384e+00 6.901052e-02 3.865026e+00 1.326707e+00 -3.114682e+00 -2.447923e+00 4.840361e+00 -7.499266e-01 2.025767e+00 1.647351e+00 -5.805457e+00 4.755168e+00 -5.761411e-01 4.211123e+00 -2.277311e+00 -5.511612e+00 2.571741e+00 2.550800e-01 -4.823042e-01 1.357890e-01 -4.724649e-01 -2.900611e+00 2.136083e+00 -5.764515e+00 -1.203957e+00 -4.566301e+00 1.440608e+00 3.298377e+00 1.926953e+00 -3.657509e+00 -2.046023e+00 4.259751e-01 9.662726e-01 3.415989e+00 1.245679e+00 -3.016690e-01 -2.776144e+00 2.242004e+00 1.528929e+00 2.424966e+00 -7.309011e-01 4.867485e+00 -1.285218e+00 5.553635e-01 1.232568e+00 8.281930e-01 -1.384750e+00 9.556190e-01 -7.540601e-01 -4.831937e+00 9.407161e-01 -5.221985e+00 2.300365e+00 1.156751e+00 -2.907705e+00 1.884118e-01 -2.251591e-01 9.098532e-01 3.786373e-02 -1.221447e+00 4.554760e-01 8.498196e-01 -8.377354e-02 -1.839500e+00 -1.026577e+00 -2.516574e-01 -3.733431e-01 5.028381e+00 -3.917569e+00 6.016363e-01 7.236228e-01 -3.336508e+00 -1.143779e+00 3.814787e-01 4.199806e+00 1.543809e-03 -3.347037e+00 9.492554e-01
6.967113e-01 -2.101089e+00 8.064085e-01 1.344664e+00 -1.360928e+00 7.964122e-02 -8.479029e-01 -4.516470e+00 3.541107e+00 -9.309960e-02 5.018947e+01 2.122159e+00 -1.467612e+00 -4.909492e+00 -5.304490e+00 -1.522022e+00 -3.001568e+00 -4.389232e-01 3.258260e+00 -1.791851e+00 -5.829859e+00 -4.533680e+00 -2.082463e+00 4.475371e+00 5.658119e+00 -2.723552e+00 4.448654e+00 -1.636480e+00 -3.718534e+00 -4.949669e+00 -3.517503e+00 5.853274e-01 1.679201e+00 7.094286e-01 1.598877e+00 -1.561305e+00 1.014036e+00 -2.274935e+00 -4.593216e-01 -1.844282e+00 -3.000987e+00 -2.479352e+00 1.328648e+00 -4.221429e-01 -4.812932e+00 2.940672e+00 -7.628003e-02 -6.010508e+00 -2.025010e+00 -5.463929e+00 -1.588655e+00 1.660685e+00 3.280721e+00 2.265619e+00 1.412466e+00 -4.331054e+00 -6.185672e-01 -5.626149e-02 1.726389e+00 1.958529e+00 -7.364613e+00 -1.179892e+00 -1.592006e+00 -3.896857e-01 3.303307e+00 -2.134383e-01 -1.642482e+00 -4.339253e+00 -1.423172e+00 4.880393e+00 -7.091965e+00 1.401091e+00 1.233864e+00 -7.112644e-01 2.219574e+00 7.144089e-01 -6.764849e+00 -4.220277e+00 1.476359e+00 -5.723259e+00 -4.189943e+00 3.200943e+00 -5.153193e-01 6.184783e-02 -6.296049e+00 -3.447716e+00 -4.947692e+00 5.588167e-01 -1.529239e+00 -2.044777e+00 4.174152e+00 -1.870571e+00 -5.101626e+00 -2.502610e-01 -3.029067e+00 -3.760333e+00 -5.672045e+00 -1.247216e+00 -2.973721e+00 -4.649630e+00
-3.579494e+00 -5.742624e+00 2.083973e+00 1.233366e+00 -4.622672e+00 -6.121329e+00 2.244259e+00 5.456090e-01 1.019227e+00 -9.800761e-01 2.122159e+00 4.577063e+01 4.006427e-01 3.572733e+00 -2.190739e-01 -5.478907e+00 1.400543e+00 -2.416062e+00 7.671425e-01 7.020699e+00 -8.901986e-01 7.945692e-01 1.477877e+00 4.204743e+00 -4.824772e+00 -6.681658e+00 -1.052858e+00 2.925450e+00 -5.372103e+00 5.671838e+00 8.768451e-01 4.951876e+00 -2.480663e+00 -1.080132e-01 1.634338e+00 -2.888167e+00 -3.327706e+00 -1.061147e+00 4.501438e+00 5.918931e+00 -4.032495e-01 -1.237243e+00 4.105154e+00 -7.683417e-01 -1.791145e+00 -8.763336e-01 4.245203e+00 1.480537e+00 -1.379485e+00 -1.714162e+00 -3.292583e+00 -3.400105e-01 -2.720608e-02 -6.914865e+00 4.667756e+00 1.775914e+00 -1.771290e+00 3.754534e+00 -4.625843e+00 1.513871e+00 6.121220e-01 1.426148e+00 -1.222730e+00 -2.295371e+00 2.127792e+00 3.622784e+00 2.619085e+00 -4.760601e+00 1.278177e+00 -3.546869e+00 4.297262e-01 -2.321024e+00 -1.626441e-01 -3.607886e+00 9.027246e-02 2.086778e+00 2.465651e+00 -1.241893e+00 -1.889767e+00 -2.415509e+00 1.096932e+00 -3.812763e-01 -7.114072e+00 -1.384752e+00 -7.775158e-01 -1.247219e+00 3.991020e+00 -1.986656e+00 8.526305e-01 2.159181e+00 1.047101e+00 2.294299e+00 -3.811834e-01 -1.949028e+00 3.941515e-01 4.067790e+00 4.954140e+00 -2.961952e+00 1.574019e+00 -1.826049e+00
-2.699280e+00 4.911650e+00 2.575537e+00 -2.432393e+00 8.834770e-01 -8.384154e-01 -4.960781e+00 -4.292887e+00 9.181601e-01 -5.121004e+00 -1.467612e+00 4.006427e-01 5.825827e+01 -4.168223e+00 2.679063e+00 3.777472e-01 -2.027454e-01 -2.958023e+00 1.118125e+00 4.636414e+00 4.843937e+00 -1.037394e+00 -5.784736e-02 1.175543e+00 -4.476398e+00 -1.152385e+00 1.118053e+00 -4.121313e+00 2.326022e+00 1.351443e+00 3.420903e+00 -2.760620e+00 2.064201e+00 -1.206564e+00 5.567311e+00 2.883753e+00 -1.835611e+00 -3.335962e+00 -1.509387e+00 -2.665019e+00 -7.941293e-01 -4.257422e+00 9.730872e-02 -8.448476e-01 2.717589e+00 -4.329889e-01 -7.751434e-03 -7.075910e-01 -4.406123e-01 1.230717e+01 3.032290e+00 -2.448567e+00 1.032026e+00 -6.371896e-01 -3.026077e+00 -9.468772e-01 1.623987e+00 1.236362e+00 -1.564344e+00 5.725745e-01 2.993732e+00 1.879890e+00 2.297138e+00 -1.018054e+00 3.168021e+00 2.800402e+00 1.692494e+00 -3.604835e+00 -1.899255e+00 1.226009e+00 -1.896714e+00 -4.935407e-01 3.425959e-01 2.208580e+00 6.890672e-01 1.263061e+00 -1.570526e+00 1.524914e+00 -1.482485e+00 1.669600e+00 -3.711632e+00 1.292170e+00 4.170362e+00 -1.076387e+00 2.274009e+00 -2.174814e+00 2.063695e-01 4.977359e-01 -3.191382e-01 -1.016888e+00 1.511008e+00 7.629493e-01 -1.503332e+00 -4.487141e+00 3.115361e+00 -9.590704e-01 5.063441e+00 -4.057588e+00 -3.490757e+00 2.589987e+00
1.912461e+00 -8.083688e+00 -1.672503e+00 1.047884e+00 -5.639550e-01 1.616508e+00 -2.046052e+00 -1.848255e+00 8.253742e-01 1.172130e+00 -4.909492e+00 3.572733e+00 -4.168223e+00 5.535208e+01 -2.048446e+00 -1.269001e+00 -4.680146e-01 -1.686276e+00 1.782310e+00 3.371794e-01 7.944364e-01 1.171321e+00 2.233025e+00 -3.535945e-01 3.524047e+00 2.450841e+00 -4.900750e+00 -1.229798e+00 7.053756e-01 -5.983084e+00 -2.534027e+00 -2.420588e+00 5.853347e-01 5.644883e-01 -2.705545e+00 7.354661e-01 -8.691836e-01 7.518230e+00 1.078711e+00 -3.736875e+00 -4.238788e-01 6.676475e-01 3.470319e+00 -1.803694e+00 -2.915853e+00 -5.289453e-01 -5.519868e+00 -2.419764e+00 1.017846e+00 2.412311e+00 2.234607e+00 1.357208e+00 -3.175853e+00 -1.550214e-01 7.605967e-01 -2.582578e-02 -5.144855e-01 2.015439e+00 4.983131e+00 -2.055129e+00 -1.771886e+00 1.056217e+01 -8.611704e-01 -2.594572e+00 -1.711092e+00 -1.352335e+00 2.354440e+00 -2.449194e-02 -1.513819e+00 -1.728462e+00 1.002631e+00 -3.271799e-02 -5.480128e+00 1.200904e+00 2.633234e+00 -1.273588e+00 4.298703e+00 -1.358345e+00 -3.992295e+00 1.337564e+00 3.999208e-01 5.237986e+00 -8.804133e-01 5.062263e+00 -7.305405e-01 2.607414e+00 1.857823e+00 -7.070044e-01 4.462931e+00 -3.497055e+00 -2.757964e+00 1.990115e+00 1.822915e+00 9.178009e-01 3.777732e+00 -2.278879e+00 -2.759266e+00 4.884908e-01 7.628927e-01 2.525377e+00
-2.273273e+00 -2.834003e+00 1.216390e+00 6.945686e+00 -6.841699e-01 6.344990e+00 -1.357188e+00 -2.645140e+00 1.764439e+00 1.075655e-01 -5.304490e+00 -2.190739e-01 2.679063e+00 -2.048446e+00 5.264573e+01 7.313265e+00 -7.295416e-01 -4.342416e+00 -2.034544e+00 1.568641e+00 -1.470305e+00 7.215049e-01 -4.251567e+00 1.204220e+00 -6.772530e-01 1.502677e+00 5.878164e+00 2.864463e+00 6.437553e-01 -4.750940e+00 -4.204282e+00 -4.007446e+00 1.479111e+00 -6.065626e-01 4.651202e-01 -3.807131e-01 4.177831e-01 -3.230419e-01 1.898444e-01 -5.581408e-01 2.276855e+00 -2.371141e+00 2.297950e+00 -4.449332e+00 -2.270346e+00 7.586298e-01 1.083822e+00 -4.174627e+00 4.169672e+00 -2.368881e+00 -2.828942e-01 2.910485e+00 1.765649e+00 -1.092843e+00 3.864404e+00 2.043773e+00 1.923288e+00 -5.223114e+00 4.980155e+00 6.714993e-01 -5.827120e-01 2.041960e+00 5.037830e+00 1.009652e+00 -1.867345e+00 3.670346e+00 5.930349e-01 1.871556e-01 4.130472e+00 1.852929e+00 2.507368e+00 1.686903e+00 -1.583554e+00 -1.880331e+00 1.386892e+00 -4.382261e+00 -1.340591e+00 -1.698405e+00 1.566001e+00 -4.735615e+00 5.116751e-01 2.546522e+00 -4.037228e+00 -3.193734e+00 -2.955634e+00 9.299107e-01 -2.483641e+00 -8.665670e+00 3.761877e+00 -2.926372e+00 -1.899140e+00 1.293526e+00 -2.153894e+00 -3.401930e+00 -1.030710e-01 -1.717475e+00 -1.697859e+00 3.900552e-01 5.838972e+00 1.019570e+01
3.757984e+00 -3.634535e-01 2.437909e+00 -6.747329e-01 -6.939027e+00 5.034733e-02 1.028941e+00 -2.073366e+00 -3.288549e+00 2.229990e-01 -1.522022e+00 -5.478907e+00 3.777472e-01 -1.269001e+00 7.313265e+00 5.135131e+01 -2.269310e+00 5.000480e-01 2.746680e+00 4.622971e+00 3.307226e+00 2.318823e+00 -2.140114e+00 -8.830194e-01 4.579674e+00 6.682854e+00 -4.239252e+00 -2.379533e+00 2.126942e+00 -3.365365e-01 -1.742405e+00 -9.018386e-01 6.851400e+00 -1.960099e+00 6.995348e+00 3.456253e+00 -1.766414e+00 -2.739757e+00 3.521390e+00 -1.515929e+00 8.486339e-01 8.117203e-01 3.592965e+00 1.790471e+00 -3.881982e+00 3.605074e-01 -3.768307e-01 -7.592421e-01 4.418291e+00 -3.714509e-01 1.390908e+00 -1.084933e+00 4.991552e+00 -7.779120e-01 2.252381e+00 -1.226700e+00 -2.136365e+00 3.058443e+00 -3.783528e-03 -4.950045e+00 -4.164852e+00 -1.456613e+00 -1.394620e+00 -1.395872e+00 -5.011060e+00 2.787349e+00 -3.219901e+00 8.980190e+00 1.988275e-01 5.125712e-01 2.528617e-01 7.626427e-01 -2.412350e+00 1.588886e+00 -3.734137e+00 3.133826e+00 -4.931594e+00 6.466795e-01 2.747764e+00 -1.035048e+00 -1.922647e+00 3.369957e+00 -2.690314e+00 -2.679188e+00 1.844727e+00 3.074342e+00 1.662160e+00 -1.458771e+00 -3.776448e+00 9.044685e-01 2.958583e+00 5.438369e+00 1.424005e+00 -1.002681e+00 2.118222e+00 -4.155580e+00 -2.848210e-01 -6.812958e+00 4.717067e+00 3.515452e-01
4.587131e+00 -3.152163e+00 2.681797e+00 -5.254659e+00 -2.964315e+00 -3.433041e+00 2.719177e+00 8.351082e-01 -1.076945e+00 -4.067920e+00 -3.001568e+00 1.400543e+00 -2.027454e-01 -4.680146e-01 -7.295416e-01 -2.269310e+00 5.294033e+01 6.748996e-02 -9.585646e-02 1.520178e+00 3.502442e+00 3.662320e+00 -3.503252e+00 5.208702e+00 4.288455e+00 2.114322e+00 -1.065903e+00 2.579297e+00 -7.342671e-01 1.446063e+00 2.441697e+00 -1.290501e-01 1.715188e+00 1.645930e+00 -3.895992e+00 -1.570771e-01 -1.063491e+00 -7.168848e-01 -2.350668e+00 3.160669e+00 5.499715e+00 -4.112514e+00 1.591755e+00 4.945782e+00 -2.039403e+00 -3.537976e+00 1.309889e+00 -4.814040e+00 4.156556e+00 6.564928e-01 2.573996e+00 -2.605314e+00 1.978420e+00 3.118273e+00 -3.830620e+00 -2.676458e+00 -2.469345e+00 5.520037e+00 2.727294e+00 5.986832e-01 -1.556442e+00 -8.298501e-01 1.925642e+00 -2.645011e+00 3.586232e+00 1.182091e+00 -2.040056e+00 2.471194e+00 3.086758e+00 -1.307401e+00 -1.237184e+00 1.823812e+00 -3.372884e+00 -2.695753e+00 -4.043669e+00 1.719872e+00 -1.805041e+00 6.558565e+00 7.956479e-01 1.114247e+00 2.980055e+00 2.383614e+00 -5.688314e-01 6.715845e-01 -5.741410e+00 -1.300286e+00 3.850631e+00 -8.033900e+00 -1.532229e+00 -2.103505e+00 -2.896132e-02 -1.225286e+00 -2.633779e+00 5.783065e-01 -7.335423e-01 -2.995997e+00 3.996839e+00 -3.121805e+00 -7.628943e-01 -5.267510e+00
-2.942653e-01 4.577523e+00 9.711132e-01 3.381781e+00 2.886144e-01 7.037523e-01 7.528075e-01 -9.999028e-01 -7.235479e-01 3.364260e+00 -4.389232e-01 -2.416062e+00 -2.958023e+00 -1.686276e+00 -4.342416e+00 5.000480e-01 6.748996e-02 4.824039e+01 -5.493847e+00 4.585800e-01 5.775740e+00 -1.747462e+00 4.654917e+00 -2.774903e+00 -3.238116e+00 -2.214614e+00 1.018937e+00 -6.176970e-01 -1.191507e+00 -1.362741e+00 2.266909e+00 -8.096899e+00 1.724883e-01 2.975070e+00 -3.186375e-01 1.728277e+00 -2.472564e+00 1.679824e+00 6.571324e-01 1.915362e+00 -4.707460e+00 6.855097e-01 -1.623432e+00 2.354966e+00 8.501531e-02 4.635969e+00 -1.218663e+00 2.887639e+00 -3.343272e+00 4.815761e-01 2.914991e+00 6.759175e+00 5.767718e+00 -2.366737e+00 2.586658e+00 3.839217e+00 2.017876e-01 -3.997843e+00 -1.715235e+00 4.004552e+00 5.452902e-01 -2.416099e+00 7.841113e-01 2.097619e+00 -1.347548e+00 9.648015e-01 1.642964e-01 -4.352855e+00 3.096705e-01 -1.803320e+00 3.535173e-01 -2.647395e+00 -3.173563e+00 3.246570e+00 -2.716195e+00 -6.702655e-02 -2.841922e+00 -4.734627e+00 3.269433e+00 3.970233e+00 1.887076e+00 4.245858e-01 -1.523433e+00 6.446736e+00 -6.401746e-01 -3.943718e+00 -4.165968e+00 3.203740e+00 3.325564e+00 -5.558429e+00 -4.055025e+00 4.159917e+00 1.233693e+00 1.026979e+00 2.826478e+00 2.760204e+00 4.105705e+00 1.431275e+00 -2.580457e+00 -2.453218e+00
8.470506e-01 -3.432293e+00 -1.606312e+00 5.137899e+00 3.565654e+00 4.863944e-01 -5.574021e-01 -4.685208e+00 8.306731e-01 2.234632e+00 3.258260e+00 7.671425e-01 1.118125e+00 1.782310e+00 -2.034544e+00 2.746680e+00 -9.585646e-02 -5.493847e+00 4.939655e+01 8.831157e-01 -3.425330e+00 3.272970e-01 -3.775427e+00 -1.022601e-01 -1.854808e+00 -2.429772e+00 2.415719e+00 2.067082e-01 -2.244881e+00 -1.885386e+00 -1.695430e+00 -2.697162e+00 3.085462e-01 2.801849e-02 3.827855e+00 -5.279085e+00 6.449541e-01 8.101715e-02 -2.524892e+00 2.892494e-01 2.197524e-01 -6.291689e+00 -3.931980e-01 -4.523197e-01 4.244963e+00 1.637676e+00 -2.163303e+00 1.426820e+00 1.735986e+00 2.549393e+00 -4.282831e+00 1.229060e+00 2.766444e+00 3.405961e+00 -2.778485e+00 -4.948844e-01 -2.314008e+00 -2.481655e+00 -4.554194e-01 -7.790760e-02 5.521973e-01 -2.753850e+00 5.789084e-01 9.798626e-02 7.828110e-02 -6.536325e-01 -1.911870e+00 2.825241e+00 -1.600013e+00 2.313024e+00 2.313825e+00 -1.143434e+00 -4.427992e+00 4.463241e+00 1.311112e+00 7.271726e+00 1.296216e+00 -2.721978e-01 -1.538554e+00 -2.263946e+00 -2.361227e-01 1.642306e-01 5.560145e+00 4.023665e+00 -1.483950e-01 3.410767e-01 1.457150e+00 -7.274119e+00 -1.497998e+00 -2.169803e-01 -4.746126e+00 3.526874e+00 -9.097440e-01 2.004423e+00 -1.338333e+00 -1.265962e+00 2.056615e+00 -1.088713e+00 -5.098242e-01 -2.210246e+00
2.482102e+00 3.412120e+00 1.852766e+00 -2.362519e+00 -2.240900e-01 -8.560419e-01 6.094850e-01 1.918541e+00 -2.323685e+00 -3.741882e+00 -1.791851e+00 7.020699e+00 4.636414e+00 3.371794e-01 1.568641e+00 4.622971e+00 1.520178e+00 4.585800e-01 8.831157e-01 4.845525e+01 -9.517670e-01 2.006852e+00 3.170509e+00 1.572137e+00 -1.490370e+00 6.715104e+00 8.561829e-01 1.032420e-01 -4.390407e+00 1.889421e+00 -5.924246e+00 5.417964e+00 9.060667e-04 -2.530787e+00 4.190741e+00 1.694963e+00 1.033140e+00 -9.602391e-01 1.642307e+00 3.107437e+00 -1.759751e+00 3.104325e-01 7.757074e-01 1.208077e+00 -2.526242e+00 2.012172e+00 2.730730e+00 -1.151069e+00 -2.026820e+00 -7.539890e-01 -4.098328e-01 2.433936e+00 -2.232730e+00 -3.738057e+00 -2.158355e+00 9.347008e-01 -7.952613e-02 -6.282423e+00 -1.623337e+00 1.944403e+00 2.997718e+00 -6.952511e-01 -1.580564e+00 5.825968e-01 -3.498521e+00 5.676378e+00 3.139311e+00 -2.448138e+00 5.723768e-01 6.085693e-01 3.753112e+00 7.817986e-01 -1.257042e+00 1.498826e+00 4.316799e+00 1.763228e+00 -7.786034e+00 -1.093745e+00 1.525711e-01 3.995738e+00 -3.194041e+00 8.396182e-01 -8.888183e-02 5.638615e-01 -9.911793e-01 3.087811e+00 -1.278655e+00 1.314479e+00 1.670246e+00 3.729370e+00 -4.709417e+00 -2.191260e+00 -4.219104e+00 -1.450517e+00 -2.846806e+00 -9.418471e-01 -1.937606e+00 -7.359942e-01 -2.132104e+00 -8.687806e-01
-3.082809e+00 -2.996467e+00 -3.907406e+00 -1.224795e+00 -1.710735e+00 1.637077e+00 1.431261e+00 2.430080e+00 -3.683774e+00 1.836674e+00 -5.829859e+00 -8.901986e-01 4.843937e+00 7.944364e-01 -1.470305e+00 3.307226e+00 3.502442e+00 5.775740e+00 -3.425330e+00 -9.517670e-01 4.689078e+01 1.924711e+00 5.025378e+00 5.952869e-01 -3.157580e+00 4.377031e+00 -4.304847e+00 -2.839790e+00 -1.355121e+00 1.788366e+00 -1.292996e+00 7.657633e-01 2.452786e+00 1.319670e-01 -3.972149e+00 -3.835147e+00 4.231149e-02 -6.738521e-01 -2.895726e-01 -4.915217e+00 -1.585755e+00 -1.148875e+00 1.208445e+00 7.105380e-01 2.488159e+00 2.080044e+00 -1.153853e+00 9.569005e-01 -3.358843e+00 -1.643926e+00 2.997590e+00 3.600606e-01 1.005910e+00 3.666927e+00 2.608447e+00 -4.585149e+00 1.987458e+00 -2.122422e+00 3.766232e+00 4.637818e+00 3.409429e+00 -5.920429e+00 -5.430302e+00 4.445021e+00 6.818077e-02 1.336144e+00 -5.518640e-01 -4.009827e+00 -3.153044e+00 1.068670e+00 1.777932e+00 6.480269e-02 4.688096e-02 5.259801e+00 -1.945475e+00 2.353977e+00 -3.951998e+00 -3.184791e-01 4.443242e-01 2.595010e+00 1.512682e+00 -2.178074e+00 -4.686806e+00 2.227460e-01 1.819358e+00 1.251386e+00 -5.115607e+00 3.436530e+00 -4.772312e+00 -9.676816e-01 2.689295e-01 -1.372644e+00 -5.196734e+00 2.460513e+00 3.223650e+00 5.896954e+00 -9.151044e-01 -1.378759e+00 2.661625e+00 -1.837868e+00
1.303283e+00 -1.978054e+00 -4.219901e+00 -1.735344e+00 7.232772e-01 6.007855e-01 -5.671919e-02 -4.841106e-01 -3.291167e-01 -8.319127e-01 -4.533680e+00 7.945692e-01 -1.037394e+00 1.171321e+00 7.215049e-01 2.318823e+00 3.662320e+00 -1.747462e+00 3.272970e-01 2.006852e+00 1.924711e+00 5.103140e+01 -5.293523e+00 4.750903e-01 -2.159157e+00 -2.864149e+00 3.918524e-01 -5.850367e+00 -1.459548e+00 -4.702893e+00 4.995089e+00 -8.921619e-01 4.453814e+00 2.952421e-01 -1.028032e+00 4.270596e+00 -1.840815e+00 -1.114692e+00 -1.628216e+00 1.717333e+00 2.123329e+00 4.757361e+00 -3.414546e-01 -1.913063e+00 3.526526e-01 -1.278294e+00 -1.475693e+00 -6.114589e+00 -2.305520e+00 3.982420e+00 -2.342442e-01 -1.527547e+00 -2.676206e+00 2.449101e+00 -1.419155e-01 2.276736e+00 5.387600e+00 1.881849e+00 -6.242163e-01 -7.740878e-01 6.202096e+00 3.552720e-01 -8.132520e-02 2.324352e+00 -1.852582e+00 -8.676001e-01 4.657352e+00 -4.831904e+00 -2.648771e-01 -1.595326e+00 3.000675e-01 -2.452461e+00 1.294319e+00 3.886654e-01 -8.256508e-01 7.256822e+00 -3.988210e+00 -3.376554e+00 -2.901211e-01 3.084934e+00 4.668710e+00 -9.446711e-01 -1.831363e+00 -2.072511e+00 6.856800e-01 -1.158037e+00 1.766899e+00 2.092576e+00 -1.721337e+00 7.458738e-01 2.655521e+00 3.218574e+00 -5.937061e-01 -6.119184e+00 -2.590256e+00 1.136421e+00 5.057423e+00 -1.973655e+00 4.143318e+00 -8.033593e-01
-1.134292e+00 -3.653885e+00 1.005038e+00 6.959379e-02 3.145345e+00 4.559149e+00 3.386246e+00 -3.917834e+00 2.059262e+00 4.187384e+00 -2.082463e+00 1.477877e+00 -5.784736e-02 2.233025e+00 -4.251567e+00 -2.140114e+00 -3.503252e+00 4.654917e+00 -3.775427e+00 3.170509e+00 5.025378e+00 -5.293523e+00 4.675894e+01 2.812366e+00 1.518965e-01 2.777319e+00 -1.949372e+00 -2.003761e+00 3.041572e+00 9.249819e-01 -2.446466e+00 3.918724e+00 -2.627165e+00 8.523144e-01 -2.962441e+00 -1.334027e+00 1.423338e-02 4.859691e-02 1.617027e+00 4.682782e+00 9.765472e-01 3.811211e-02 1.671941e+00 -2.310943e+00 -6.949684e-01 -2.139178e+00 4.669855e+00 2.114879e-01 1.723057e+00 -8.466399e+00 7.614182e-02 9.319569e-01 6.363239e-01 1.320915e+00 4.313404e-01 -1.450022e+00 -2.630224e+00 -4.796300e-02 -3.529036e+00 2.572280e+00 1.445808e+00 -3.314581e+00 -1.477030e-02 6.982390e-01 -1.732558e+00 -1.127590e+00 4.883994e+00 -8.526955e-01 5.328598e-01 1.353968e-01 -9.565568e-01 3.846493e+00 -2.752405e+00 -2.443115e+00 -5.312686e-01 -8.809375e-01 7.214939e-01 -1.453749e+00 1.610653e+00 9.997485e-01 -3.942450e+00 -2.225610e+00 5.174340e+00 -7.616991e-01 3.964956e+00 3.360808e+00 -7.644442e+00 -2.729662e+00 -2.100860e+00 -5.409993e-01 -1.447281e+00 -3.417546e+00 -4.751779e+00 -3.540789e+00 2.404936e-01 -2.953920e+00 -5.195118e+00 7.530192e-01 7.964300e-02 3.930108e-01
-3.515878e+00 -8.787553e-01 -5.107876e+00 1.309071e+00 2.782602e-01 2.855544e+00 -1.232317e+00 -1.522812e+00 5.086629e+00 6.901052e-02 4.475371e+00 4.204743e+00 1.175543e+00 -3.535945e-01 1.204220e+00 -8.830194e-01 5.208702e+00 -2.774903e+00 -1.022601e-01 1.572137e+00 5.952869e-01 4.750903e-01 2.812366e+00 5.340662e+01 -3.291339e+00 -1.878807e+00 9.155905e-01 -4.454955e-01 3.574692e+00 2.888561e-01 -2.090038e+00 -1.592211e+00 6.737471e-01 6.584131e+00 -3.615857e+00 1.411515e+00 -1.595651e+00 6.293390e+00 -2.427882e+00 4.243872e+00 8.135553e-01 -2.667413e+00 -4.031373e+00 -2.248860e+00 2.895452e+00 4.234030e+00 2.719361e+00 -1.226051e+00 -2.222120e+00 3.320883e+00 1.248754e+00 -6.003350e+00 -1.517088e+00 1.291222e+00 6.426819e-01 1.654308e+00 4.155802e+00 -1.432724e+00 1.615103e+00 7.217721e+00 -2.840641e+00 6.694664e-01 2.932661e+00 8.294058e-01 -7.600085e+00 2.986947e+00 -3.129769e+00 2.812490e+00 3.099580e+00 5.906895e+00 3.404483e-02 -4.061903e-01 3.000853e+00 4.434854e+00 -2.144316e+00 -1.372350e-01 4.656462e+00 1.464318e+00 3.464250e-01 -1.389203e+00 -1.587052e+00 -1.630787e+00 2.180215e+00 -4.313780e-01 -3.233450e+00 2.335870e+00 -4.999729e+00 4.170431e-01 4.253466e+00 2.636453e+00 6.388212e-01 3.497851e+00 1.145577e+00 1.232652e-01 2.868555e+00 -1.235763e+00 -5.253589e+00 -2.583571e+00 7.192065e+00 1.729412e+00
-1.217383e+00 1.604514e-01 6.460560e-02 -2.396340e+00 2.344392e+00 3.182216e+00 5.496112e-01 2.850073e+00 2.519483e+00 3.865026e+00 5.658119e+00 -4.824772e+00 -4.476398e+00 3.524047e+00 -6.772530e-01 4.579674e+00 4.288455e+00 -3.238116e+00 -1.854808e+00 -1.490370e+00 -3.157580e+00 -2.159157e+00 1.518965e-01 -3.291339e+00 4.940464e+01 -3.281567e+00 2.513378e+00 -1.953463e+00 -1.310195e-01 5.380902e+00 1.414259e+00 2.342659e+00 2.743320e+00 -3.638923e+00 1.509458e+00 1.944088e+00 1.174482e+00 2.438289e-01 -2.072344e+00 2.485644e+00 2.854219e+00 8.334187e-02 -2.897095e-02 -2.166869e-01 -1.663736e+00 -5.937794e-01 -6.053277e+00 -2.497826e-01 3.223117e+00 1.668646e+00 -2.990414e+00 1.053713e+00 3.984660e-01 4.037997e+00 1.102199e+01 3.274571e+00 -8.788389e-02 2.874026e-01 -8.848241e-01 -3.321313e-01 -3.857378e+00 4.261252e+00 2.342130e+00 -2.438601e+00 6.668539e-01 3.464226e+00 -3.584190e-01 -1.484014e+00 -3.737460e+00 -3.960744e+00 1.048753e+00 -3.923368e+00 2.069451e-01 -1.745360e+00 -1.568397e+00 -2.973219e-01 -2.679139e+00 -1.829749e+00 2.280537e+00 4.590443e+00 -5.824602e-01 -2.100722e+00 1.327137e+00 1.432922e+00 3.118246e+00 -1.345827e+00 -4.720094e+00 2.966133e+00 1.881262e+00 -1.903774e+00 -2.438155e+00 -2.217304e+00 1.475979e+00 -9.269342e-01 -3.023157e+00 -3.803760e+00 3.503530e-01 -2.190390e+00 -1.474856e+00 3.949983e-01
1.621730e+00 -1.184105e+00 2.724604e+00 3.542938e+00 6.266362e+00 -3.742592e-01 -2.886224e-01 1.008923e+00 -2.218722e+00 1.326707e+00 -2.723552e+00 -6.681658e+00 -1.152385e+00 2.450841e+00 1.502677e+00 6.682854e+00 2.114322e+00 -2.214614e+00 -2.429772e+00 6.715104e+00 4.377031e+00 -2.864149e+00 2.777319e+00 -1.878807e+00 -3.281567e+00 4.853160e+01 -4.769969e+00 1.895982e+00 -1.817230e-01 5.179871e-02 -1.360831e+00 -1.729709e+00 4.138364e+00 -2.351831e+00 2.053222e+00 6.771687e-01 -5.587219e+00 -4.084195e-01 7.216741e+00 -2.739630e+00 3.376871e+00 1.845436e-01 3.127395e+00 2.171838e+00 -2.097060e-01 -3.159166e+00 2.158698e+00 -8.349457e-01 -4.769219e+00 -1.773438e+00 -2.277003e-01 6.570737e-01 2.477650e+00 -9.756153e-01 3.529014e+00 1.392122e+00 2.729404e+00 -2.248872e+00 1.830911e+00 -1.027777e+00 1.513306e+00 4.813742e-01 -1.510818e+00 -1.309231e+00 7.917356e+00 1.898324e+00 -2.213938e+00 2.410497e+00 -4.332910e+00 2.711580e-01 -1.763515e+00 3.433808e+00 -1.735514e+00 2.423779e+00 8.682212e-01 -3.382344e+00 2.064894e+00 1.854683e+00 -1.000575e+00 -3.975210e+00 3.709100e-01 -5.884587e+00 -4.589659e+00 1.714259e+00 1.324363e+00 6.059666e-01 2.306634e-01 -1.440619e+00 4.753455e-01 4.679452e+00 1.471576e-01 5.883897e-01 -5.750437e+00 9.553689e-01 9.672933e-02 -4.220532e+00 -3.574897e+00 -2.075284e+00 2.926048e+00 1.048831e+00
-2.675877e+00 -1.733513e+00 -2.961882e+00 1.367343e+00 3.443845e+00 3.267332e+00 -2.281568e+00 1.764852e+00 -1.730351e+00 -3.114682e+00 4.448654e+00 -1.052858e+00 1.118053e+00 -4.900750e+00 5.878164e+00 -4.239252e+00 -1.065903e+00 1.018937e+00 2.415719e+00 8.561829e-01 -4.304847e+00 3.918524e-01 -1.949372e+00 9.155905e-01 2.513378e+00 -4.769969e+00 5.167423e+01 -5.776346e+00 -2.685323e+00 -1.586550e+00 5.819248e+00 4.789263e+00 1.857377e+00 1.659616e+00 -3.444285e+00 4.960456e+00 -5.326708e+00 3.476516e+00 3.893203e+00 -2.612797e-01 -2.994047e+00 -3.194072e+00 4.143115e+00 6.002026e-01 1.184194e+00 7.673772e-01 -2.953846e+00 -1.224980e+00 -2.934772e+00 1.895608e-01 3.124083e+00 -3.646782e-01 -2.158634e+00 -3.725141e+00 -3.637908e+00 -5.527069e+00 1.801287e+00 -2.735002e+00 1.929346e+00 7.098547e+00 1.358687e+00 9.550577e-01 9.460028e-01 -3.319826e+00 -2.341120e+00 -4.652466e-02 3.839475e+00 5.943194e-01 -4.830993e+00 -2.344430e-01 -1.204985e+00 2.904515e-01 -9.579536e-01 1.676848e+00 -1.981567e+00 1.563237e-01 4.402841e+00 -5.011826e-01 1.034505e+00 1.606686e+00 -5.558411e+00 -3.703891e+00 -9.602231e-01 3.513136e+00 1.341546e+00 2.608627e+00 4.054424e-01 -6.120862e+00 5.913750e+00 -2.434979e+00 1.798825e+00 -1.465846e+00 2.223640e+00 8.614058e-01 -3.619742e-01 -2.886830e+00 1.006389e+00 2.996499e+00 -2.844239e+00 -2.881553e+00
-7.545102e-01 -1.808312e+00 1.957890e+00 2.295357e+00 5.368680e+00 -9.632851e-01 -2.453509e+00 -1.883940e+00 -4.180536e+00 -2.447923e+00 -1.636480e+00 2.925450e+00 -4.121313e+00 -1.229798e+00 2.864463e+00 -2.379533e+00 2.579297e+00 -6.176970e-01 2.067082e-01 1.032420e-01 -2.839790e+00 -5.850367e+00 -2.003761e+00 -4.454955e-01 -1.953463e+00 1.895982e+00 -5.776346e+00 4.486180e+01 4.421076e+00 -3.502832e-01 2.331431e+00 -5.555742e+00 -8.077308e+00 -2.514028e+00 4.295095e+00 -2.433198e+00 -1.269239e+00 4.474847e+00 3.833242e-01 -1.002877e+00 -3.008089e+00 8.295916e-01 2.190744e+00 3.062446e+00 2.462961e+00 -3.497440e+00 -2.743149e+00 -4.900823e-01 7.012284e-01 -1.495204e-02 -3.001121e+00 9.171510e-01 3.104781e+00 2.736179e+00 -3.725263e+00 -3.194490e+00 5.763843e-01 -4.398266e+00 -2.032261e+00 -7.077400e-01 3.561606e-01 -9.152849e-01 2.826338e+00 -2.665444e-01 -5.168220e+00 8.859931e-01 1.170989e+00 6.365823e-01 1.467738e+00 -6.756090e-01 6.178399e+00 1.539267e+00 -8.238395e-02 2.229355e+00 1.091049e+00 -1.264521e+00 -2.014787e-02 -1.063997e+00 -1.691897e+00 3.518923e-01 1.060501e+00 -1.237282e+00 -7.478120e-01 -2.917229e+00 9.120309e-01 4.539971e+00 -1.939711e+00 1.692654e+00 1.732604e+00 -1.176403e+00 3.192424e+00 -5.064817e+00 2.249167e+00 -5.372460e-01 3.338510e+00 2.169325e+00 -1.736283e+00 7.779248e-01 -5.482667e+00 3.568879e-01
1.397492e+00 1.281938e+00 -3.876597e-01 1.350594e+00 2.802701e+00 1.952881e+00 -9.719732e-01 5.228774e-01 -1.249026e+00 4.840361e+00 -3.718534e+00 -5.372103e+00 2.326022e+00 7.053756e-01 6.437553e-01 2.126942e+00 -7.342671e-01 -1.191507e+00 -2.244881e+00 -4.390407e+00 -1.355121e+00 -1.459548e+00 3.041572e+00 3.574692e+00 -1.310195e-01 -1.817230e-01 -2.685323e+00 4.421076e+00 5.183004e+01 5.144995e+00 2.933273e+00 -2.632006e+00 6.801113e+00 1.720892e-01 2.035715e+00 -6.879934e-01 1.187013e+00 5.930569e-01 -2.790242e-01 -3.615527e+00 -4.048615e-01 4.850530e-01 -2.511784e+00 -3.419058e+00 1.966805e+00 -2.996992e+00 -2.261365e+00 -1.571271e+00 1.072532e+00 3.599733e-01 -4.533444e+00 -2.954657e+00 1.086550e+00 1.768751e+00 2.062774e+00 -8.425490e-01 8.286666e-01 -2.761180e+00 1.549195e-01 5.013455e+00 -4.515366e-01 2.723512e+00 -2.485262e+00 -1.699901e+00 3.081288e+00 2.542816e+00 -5.340484e+00 -1.767225e+00 1.088553e+00 -3.817342e+00 -6.833464e-01 6.201032e+00 -2.881246e+00 -5.086236e+00 9.609847e-01 2.244643e+00 3.133577e+00 1.479111e+00 -4.695602e+00 -4.467641e+00 -5.610771e+00 9.689695e+00 7.244781e-01 -2.864886e+00 -8.232327e-01 3.919362e+00 -3.254178e+00 -3.553852e-02 -5.356673e+00 -1.667474e+00 1.484786e+00 -2.568949e+00 1.819094e+00 -4.108212e-01 -9.224100e-01 1.974225e+00 -2.876433e+00 2.561968e+00 1.319697e+00 1.957522e+00
